08278 1535236
01930 4265069
05972 5478584
06811 1995283
02125 2771095
08311 4096012
04528 4131812
09303 7270724
03911 9493543
08557 7082038
06396 7169139
01332 1963243
05178 0086072
04933 6498927
09173 2738584
06537 9627778
02288 7313406
08418 0278030
00500 5987315
05621 9106644
02002 5798368
05330 7554842
07111 8609014
01569 6156040
08477 5427752
02822 6272604
04808 3064579
05088 9781850
09891 1755664
02383 8226305
08444 4311851
06247 2150255
01039 8295604
00615 2447090
02115 5034012
09588 4262870
07032 7835580
06729 8089995
06957 6931454
03954 0614867
08779 5292404
01757 7685181
05959 6672942
03145 0775102
05097 5647756
09986 6519389
09590 7607930
03330 4442172
04737 4065089
09728 8532460
